{
 "cells": [
  {
   "cell_type": "code",
   "execution_count": 169,
   "metadata": {},
   "outputs": [],
   "source": [
    "import pandas as pd\n",
    "import numpy as np\n",
    "from datetime import timedelta\n",
    "import warnings\n",
    "warnings.filterwarnings('ignore')\n",
    "import matplotlib as mpl\n",
    "mpl.rcParams['font.sans-serif'] = ['Microsoft YaHei'] \n",
    "mpl.rcParams['axes.unicode_minus'] = False \n",
    "\n",
    "df = pd.read_csv('Auto_data.csv',thousands = ',')"
   ]
  },
  {
   "cell_type": "code",
   "execution_count": 43,
   "metadata": {},
   "outputs": [],
   "source": [
    "sns.set_context(\"talk\")"
   ]
  },
  {
   "cell_type": "code",
   "execution_count": 2,
   "metadata": {},
   "outputs": [],
   "source": [
    "# A simple classifier to adv programs\n",
    "def label_the_data(df):\n",
    "    df['adv_label'] = 0\n",
    "    \n",
    "    l_counter = 1\n",
    "    crit_cols = ['车型','落地页', '媒体', '花费']\n",
    "    i = 0\n",
    "    j = 1\n",
    "    df['adv_label'][0] = l_counter\n",
    "\n",
    "    while i < df.shape[0]: \n",
    "        cur = i\n",
    "        crit = list(df[crit_cols].iloc[i])\n",
    "        \n",
    "        while j < df.shape[0]:\n",
    "            if list(df[crit_cols].iloc[j]) == crit:\n",
    "                df['adv_label'][j] = l_counter    \n",
    "            j += 1\n",
    "        \n",
    "        while cur<df.shape[0] and df['adv_label'][cur] != 0:\n",
    "            cur += 1\n",
    "        i = cur\n",
    "        l_counter += 1\n",
    "        \n",
    "        df['adv_label'][i] = l_counter\n",
    "        #print(i)\n",
    "        j = i+1"
   ]
  },
  {
   "cell_type": "code",
   "execution_count": 156,
   "metadata": {},
   "outputs": [],
   "source": [
    "# price to perfomance ratio \"性价比\"\n",
    "# evaluated by number of exposure per unit money(CNY) spent\n",
    "def get_perfomance(media_dict):\n",
    "    out_df = pd.DataFrame(columns=['媒体类型', 'total_expo', 'expo_per_CNY', 'expo_4_6', 'expo_7_9', \n",
    "                                'total_click', 'click_per_CNY', 'click_4_6', 'click_7_9', 'click_per_expo',\n",
    "                                  'total_sales_clue', 'sales_clue_per_CNY', 'sales_clue_4_6', 'sales_clue_7_9'])\n",
    "    \n",
    "    for i in media_dict.keys():\n",
    "        \n",
    "        temp = media_dict[i]\n",
    "        \n",
    "        expo = temp['expo_per_CNY'].mean()\n",
    "        total_expo = temp['real_expo'].sum()\n",
    "\n",
    "        click = temp['click_per_CNY'].mean()\n",
    "        total_click = temp['real_click'].sum()\n",
    "        \n",
    "        sales_clue = temp['sales_clue_per_CNY'].mean()\n",
    "        total_sales_clue = temp['销售线索量'].sum()\n",
    "        \n",
    "        expo_4_6 = temp[temp['数据日期']<=20190630]['expo_per_CNY'].mean()\n",
    "        expo_7_9 = temp[20190701<=temp['数据日期']]['expo_per_CNY'].mean()\n",
    "\n",
    "        click_4_6 = temp[temp['数据日期']<=20190630]['click_per_CNY'].mean()\n",
    "        click_7_9 = temp[20190701<=temp['数据日期']]['click_per_CNY'].mean()\n",
    "        \n",
    "        sc_4_6 = temp[temp['数据日期']<=20190630]['销售线索量'].mean()\n",
    "        sc_7_9 = temp[20190701<=temp['数据日期']]['销售线索量'].mean()\n",
    "        \n",
    "        \n",
    "        cpe = temp['click_per_expo'].mean()\n",
    "        \n",
    "   #     if temp['落地页'][0] == '官网':\n",
    "         #   out_df.loc[i] = (list(media_dict[i]['媒体类型'])[0],\n",
    "       #                  expo, expo_4_6,expo_7_9, click, click_4_6, click_7_9, cpe)\n",
    "        \n",
    "        out_df.loc[i] = (list(media_dict[i]['媒体类型'])[0],\n",
    "                         total_expo, expo, expo_4_6,expo_7_9, \n",
    "                         total_click, click, click_4_6, click_7_9, cpe, \n",
    "                         total_sales_clue, sales_clue, sc_4_6, sc_7_9)\n",
    "    \n",
    "        \n",
    "    return out_df"
   ]
  },
  {
   "cell_type": "code",
   "execution_count": 4,
   "metadata": {},
   "outputs": [],
   "source": [
    "# select data for each media\n",
    "\n",
    "# This line is just for a ez view\n",
    "# cols = ['媒体', '数据日期', '花费', '预估日曝光量', '预估日点击量', '曝光量', '点击量', '异常曝光量', '异常点击量', 'real_expo', 'pct_real']\n",
    "def select_by_media(df):\n",
    "    media_dict = {}\n",
    "    for i in df['媒体'].value_counts().keys():\n",
    "        media_dict[i] = df[df['媒体'] == i]\n",
    "    return media_dict"
   ]
  },
  {
   "cell_type": "code",
   "execution_count": 5,
   "metadata": {},
   "outputs": [],
   "source": [
    "# some data cleaning\n",
    "cols = df.loc[:,'查询经销商按钮用户数':'销售线索量'].columns\n",
    "df = df.replace('-', np.nan)\n",
    "for i in cols:\n",
    "    try:\n",
    "        df[i] = df[i].str.replace(',', '').astype(float)\n",
    "    except:\n",
    "        continue\n",
    "        \n",
    "for i in range(df.shape[0]):\n",
    "    df.loc[:,'媒体'][i] = df.loc[:,'媒体'][i].replace('媒体', 'Media ')"
   ]
  },
  {
   "cell_type": "code",
   "execution_count": 6,
   "metadata": {},
   "outputs": [],
   "source": [
    "label_the_data(df)"
   ]
  },
  {
   "cell_type": "code",
   "execution_count": 171,
   "metadata": {},
   "outputs": [],
   "source": [
    "df['real_expo'] = df['曝光量']-df['异常曝光量'] # real exposure that exclude abnormal exposure\n",
    "df['real_click'] = df['点击量'] - df['异常点击量']\n",
    "df['pct_real'] = df['real_expo']/df['预估日曝光量'] # % real exposure of expected\n",
    "df['click_per_expo'] = df['real_click']/df['real_expo']\n",
    "df['Qtr'] = np.where(df['数据日期']<20190701,'Q2','Q3')"
   ]
  },
  {
   "cell_type": "code",
   "execution_count": 8,
   "metadata": {},
   "outputs": [],
   "source": [
    "# calculate the number of exposure per unit money(CNY) spent\n",
    "cost_dict = {}\n",
    "for i in df['adv_label'].unique():\n",
    "    \n",
    "    boo = df['adv_label']==i\n",
    "    \n",
    "    total_expo = df[boo]['real_expo'].sum()\n",
    "    cost = df[boo]['花费'].mean() # not necessarily to use .mean()\n",
    "    \n",
    "    if cost == 500:\n",
    "        cost = 500*df[boo].shape[0]\n",
    "    \n",
    "    total_click = df[boo]['real_click'].sum()\n",
    "    total_sales_clue = df[boo]['销售线索量'].sum()\n",
    "    \n",
    "    df.loc[boo,'expo_per_CNY'] = total_expo/cost\n",
    "    df.loc[boo,'click_per_CNY'] = total_click/cost\n",
    "    df.loc[boo,'sales_clue_per_CNY'] = total_sales_clue/cost\n",
    "    \n",
    "    cost_dict[i] = [cost, df[boo]['落地页'].unique()[0], df[boo]['Qtr'].unique()[0]]"
   ]
  },
  {
   "cell_type": "code",
   "execution_count": 174,
   "metadata": {},
   "outputs": [
    {
     "name": "stdout",
     "output_type": "stream",
     "text": [
      "总量不达标的媒体有：\n",
      "媒体1\t媒体5\t媒体18\t媒体22\t"
     ]
    }
   ],
   "source": [
    "# Find medias whose total exposure less than expected\n",
    "media_dict = select_by_media(df)\n",
    "for i in media_dict.keys():\n",
    "    media_dict[i] = [media_dict[i], media_dict[i]['预估日曝光量'].sum(), media_dict[i]['real_expo'].sum()]\n",
    "        \n",
    "print('总量不达标的媒体有：')\n",
    "for i in media_dict.keys():\n",
    "    if media_dict[i][1]*0.8 > media_dict[i][2]:\n",
    "        print(i, end='\\t')"
   ]
  },
  {
   "cell_type": "code",
   "execution_count": 57,
   "metadata": {},
   "outputs": [
    {
     "data": {
      "text/plain": [
       "访问次数           22635434.0\n",
       "独立访客           22321678.0\n",
       "独立新访客          21153945.0\n",
       "浏览量            26449837.0\n",
       "浏览时长          729452208.0\n",
       "跳出次数           17927085.0\n",
       "查询经销商按钮用户数        21704.0\n",
       "查询经销商按钮次数         22322.0\n",
       "预约试驾按钮用户数         11368.0\n",
       "预约试驾按钮次数          18589.0\n",
       "在线客服按钮用户数         10444.0\n",
       "在线客服按钮次数          10672.0\n",
       "销售线索量             34159.0\n",
       "dtype: float64"
      ]
     },
     "execution_count": 57,
     "metadata": {},
     "output_type": "execute_result"
    }
   ],
   "source": [
    "# just for take a look\n",
    "# 落地页分类:\n",
    "# 专题无相关数据\n",
    "# The part 查询数：销售线索量 is highly unmatched with the \n",
    "df[df['落地页']=='官网'].loc[:,'访问次数':'销售线索量'].sum()"
   ]
  },
  {
   "cell_type": "code",
   "execution_count": 58,
   "metadata": {
    "collapsed": true,
    "jupyter": {
     "outputs_hidden": true
    }
   },
   "outputs": [
    {
     "data": {
      "text/html": [
       "<div>\n",
       "<style scoped>\n",
       "    .dataframe tbody tr th:only-of-type {\n",
       "        vertical-align: middle;\n",
       "    }\n",
       "\n",
       "    .dataframe tbody tr th {\n",
       "        vertical-align: top;\n",
       "    }\n",
       "\n",
       "    .dataframe thead th {\n",
       "        text-align: right;\n",
       "    }\n",
       "</style>\n",
       "<table border=\"1\" class=\"dataframe\">\n",
       "  <thead>\n",
       "    <tr style=\"text-align: right;\">\n",
       "      <th></th>\n",
       "      <th>曝光量</th>\n",
       "      <th>点击量</th>\n",
       "      <th>异常曝光量</th>\n",
       "      <th>异常点击量</th>\n",
       "      <th>访问次数</th>\n",
       "      <th>独立访客</th>\n",
       "      <th>独立新访客</th>\n",
       "      <th>浏览量</th>\n",
       "      <th>浏览时长</th>\n",
       "      <th>跳出次数</th>\n",
       "      <th>查询经销商按钮用户数</th>\n",
       "      <th>查询经销商按钮次数</th>\n",
       "      <th>预约试驾按钮用户数</th>\n",
       "      <th>预约试驾按钮次数</th>\n",
       "      <th>在线客服按钮用户数</th>\n",
       "      <th>在线客服按钮次数</th>\n",
       "      <th>销售线索量</th>\n",
       "    </tr>\n",
       "  </thead>\n",
       "  <tbody>\n",
       "    <tr>\n",
       "      <th>曝光量</th>\n",
       "      <td>1.000000</td>\n",
       "      <td>0.554929</td>\n",
       "      <td>0.793202</td>\n",
       "      <td>0.415114</td>\n",
       "      <td>0.531087</td>\n",
       "      <td>0.532342</td>\n",
       "      <td>0.529804</td>\n",
       "      <td>0.557095</td>\n",
       "      <td>0.377466</td>\n",
       "      <td>0.492043</td>\n",
       "      <td>0.054943</td>\n",
       "      <td>0.056007</td>\n",
       "      <td>0.324723</td>\n",
       "      <td>0.227426</td>\n",
       "      <td>0.149010</td>\n",
       "      <td>0.150524</td>\n",
       "      <td>0.187204</td>\n",
       "    </tr>\n",
       "    <tr>\n",
       "      <th>点击量</th>\n",
       "      <td>0.554929</td>\n",
       "      <td>1.000000</td>\n",
       "      <td>0.390148</td>\n",
       "      <td>0.769659</td>\n",
       "      <td>0.948053</td>\n",
       "      <td>0.946933</td>\n",
       "      <td>0.941280</td>\n",
       "      <td>0.945479</td>\n",
       "      <td>0.611728</td>\n",
       "      <td>0.943491</td>\n",
       "      <td>-0.039741</td>\n",
       "      <td>-0.036605</td>\n",
       "      <td>0.071787</td>\n",
       "      <td>0.108180</td>\n",
       "      <td>-0.020431</td>\n",
       "      <td>-0.018131</td>\n",
       "      <td>0.130056</td>\n",
       "    </tr>\n",
       "    <tr>\n",
       "      <th>异常曝光量</th>\n",
       "      <td>0.793202</td>\n",
       "      <td>0.390148</td>\n",
       "      <td>1.000000</td>\n",
       "      <td>0.466784</td>\n",
       "      <td>0.337222</td>\n",
       "      <td>0.337753</td>\n",
       "      <td>0.333313</td>\n",
       "      <td>0.354976</td>\n",
       "      <td>0.287982</td>\n",
       "      <td>0.296497</td>\n",
       "      <td>0.027235</td>\n",
       "      <td>0.028703</td>\n",
       "      <td>0.298920</td>\n",
       "      <td>0.229573</td>\n",
       "      <td>0.124902</td>\n",
       "      <td>0.125693</td>\n",
       "      <td>-0.005412</td>\n",
       "    </tr>\n",
       "    <tr>\n",
       "      <th>异常点击量</th>\n",
       "      <td>0.415114</td>\n",
       "      <td>0.769659</td>\n",
       "      <td>0.466784</td>\n",
       "      <td>1.000000</td>\n",
       "      <td>0.711136</td>\n",
       "      <td>0.710492</td>\n",
       "      <td>0.705102</td>\n",
       "      <td>0.706652</td>\n",
       "      <td>0.494425</td>\n",
       "      <td>0.705396</td>\n",
       "      <td>-0.046000</td>\n",
       "      <td>-0.043606</td>\n",
       "      <td>0.035209</td>\n",
       "      <td>0.073129</td>\n",
       "      <td>-0.029643</td>\n",
       "      <td>-0.028492</td>\n",
       "      <td>0.085443</td>\n",
       "    </tr>\n",
       "    <tr>\n",
       "      <th>访问次数</th>\n",
       "      <td>0.531087</td>\n",
       "      <td>0.948053</td>\n",
       "      <td>0.337222</td>\n",
       "      <td>0.711136</td>\n",
       "      <td>1.000000</td>\n",
       "      <td>0.999929</td>\n",
       "      <td>0.998836</td>\n",
       "      <td>0.994824</td>\n",
       "      <td>0.697631</td>\n",
       "      <td>0.980537</td>\n",
       "      <td>-0.008108</td>\n",
       "      <td>-0.006278</td>\n",
       "      <td>0.098238</td>\n",
       "      <td>0.141518</td>\n",
       "      <td>0.025079</td>\n",
       "      <td>0.027251</td>\n",
       "      <td>0.217101</td>\n",
       "    </tr>\n",
       "    <tr>\n",
       "      <th>独立访客</th>\n",
       "      <td>0.532342</td>\n",
       "      <td>0.946933</td>\n",
       "      <td>0.337753</td>\n",
       "      <td>0.710492</td>\n",
       "      <td>0.999929</td>\n",
       "      <td>1.000000</td>\n",
       "      <td>0.999182</td>\n",
       "      <td>0.994545</td>\n",
       "      <td>0.696545</td>\n",
       "      <td>0.980222</td>\n",
       "      <td>-0.006830</td>\n",
       "      <td>-0.004998</td>\n",
       "      <td>0.099589</td>\n",
       "      <td>0.142653</td>\n",
       "      <td>0.026799</td>\n",
       "      <td>0.028968</td>\n",
       "      <td>0.219908</td>\n",
       "    </tr>\n",
       "    <tr>\n",
       "      <th>独立新访客</th>\n",
       "      <td>0.529804</td>\n",
       "      <td>0.941280</td>\n",
       "      <td>0.333313</td>\n",
       "      <td>0.705102</td>\n",
       "      <td>0.998836</td>\n",
       "      <td>0.999182</td>\n",
       "      <td>1.000000</td>\n",
       "      <td>0.992295</td>\n",
       "      <td>0.695738</td>\n",
       "      <td>0.978891</td>\n",
       "      <td>-0.002437</td>\n",
       "      <td>-0.000607</td>\n",
       "      <td>0.104184</td>\n",
       "      <td>0.146899</td>\n",
       "      <td>0.032537</td>\n",
       "      <td>0.034706</td>\n",
       "      <td>0.224751</td>\n",
       "    </tr>\n",
       "    <tr>\n",
       "      <th>浏览量</th>\n",
       "      <td>0.557095</td>\n",
       "      <td>0.945479</td>\n",
       "      <td>0.354976</td>\n",
       "      <td>0.706652</td>\n",
       "      <td>0.994824</td>\n",
       "      <td>0.994545</td>\n",
       "      <td>0.992295</td>\n",
       "      <td>1.000000</td>\n",
       "      <td>0.706326</td>\n",
       "      <td>0.967490</td>\n",
       "      <td>0.039425</td>\n",
       "      <td>0.041499</td>\n",
       "      <td>0.099275</td>\n",
       "      <td>0.134215</td>\n",
       "      <td>0.054845</td>\n",
       "      <td>0.057381</td>\n",
       "      <td>0.219046</td>\n",
       "    </tr>\n",
       "    <tr>\n",
       "      <th>浏览时长</th>\n",
       "      <td>0.377466</td>\n",
       "      <td>0.611728</td>\n",
       "      <td>0.287982</td>\n",
       "      <td>0.494425</td>\n",
       "      <td>0.697631</td>\n",
       "      <td>0.696545</td>\n",
       "      <td>0.695738</td>\n",
       "      <td>0.706326</td>\n",
       "      <td>1.000000</td>\n",
       "      <td>0.589893</td>\n",
       "      <td>0.123717</td>\n",
       "      <td>0.124996</td>\n",
       "      <td>0.084376</td>\n",
       "      <td>0.143512</td>\n",
       "      <td>0.141205</td>\n",
       "      <td>0.143158</td>\n",
       "      <td>0.194799</td>\n",
       "    </tr>\n",
       "    <tr>\n",
       "      <th>跳出次数</th>\n",
       "      <td>0.492043</td>\n",
       "      <td>0.943491</td>\n",
       "      <td>0.296497</td>\n",
       "      <td>0.705396</td>\n",
       "      <td>0.980537</td>\n",
       "      <td>0.980222</td>\n",
       "      <td>0.978891</td>\n",
       "      <td>0.967490</td>\n",
       "      <td>0.589893</td>\n",
       "      <td>1.000000</td>\n",
       "      <td>-0.046240</td>\n",
       "      <td>-0.044300</td>\n",
       "      <td>0.075201</td>\n",
       "      <td>0.120523</td>\n",
       "      <td>-0.038298</td>\n",
       "      <td>-0.036283</td>\n",
       "      <td>0.194365</td>\n",
       "    </tr>\n",
       "    <tr>\n",
       "      <th>查询经销商按钮用户数</th>\n",
       "      <td>0.054943</td>\n",
       "      <td>-0.039741</td>\n",
       "      <td>0.027235</td>\n",
       "      <td>-0.046000</td>\n",
       "      <td>-0.008108</td>\n",
       "      <td>-0.006830</td>\n",
       "      <td>-0.002437</td>\n",
       "      <td>0.039425</td>\n",
       "      <td>0.123717</td>\n",
       "      <td>-0.046240</td>\n",
       "      <td>1.000000</td>\n",
       "      <td>0.999775</td>\n",
       "      <td>-0.043352</td>\n",
       "      <td>-0.042915</td>\n",
       "      <td>0.577355</td>\n",
       "      <td>0.583785</td>\n",
       "      <td>-0.106295</td>\n",
       "    </tr>\n",
       "    <tr>\n",
       "      <th>查询经销商按钮次数</th>\n",
       "      <td>0.056007</td>\n",
       "      <td>-0.036605</td>\n",
       "      <td>0.028703</td>\n",
       "      <td>-0.043606</td>\n",
       "      <td>-0.006278</td>\n",
       "      <td>-0.004998</td>\n",
       "      <td>-0.000607</td>\n",
       "      <td>0.041499</td>\n",
       "      <td>0.124996</td>\n",
       "      <td>-0.044300</td>\n",
       "      <td>0.999775</td>\n",
       "      <td>1.000000</td>\n",
       "      <td>-0.042925</td>\n",
       "      <td>-0.042006</td>\n",
       "      <td>0.569395</td>\n",
       "      <td>0.575991</td>\n",
       "      <td>-0.106461</td>\n",
       "    </tr>\n",
       "    <tr>\n",
       "      <th>预约试驾按钮用户数</th>\n",
       "      <td>0.324723</td>\n",
       "      <td>0.071787</td>\n",
       "      <td>0.298920</td>\n",
       "      <td>0.035209</td>\n",
       "      <td>0.098238</td>\n",
       "      <td>0.099589</td>\n",
       "      <td>0.104184</td>\n",
       "      <td>0.099275</td>\n",
       "      <td>0.084376</td>\n",
       "      <td>0.075201</td>\n",
       "      <td>-0.043352</td>\n",
       "      <td>-0.042925</td>\n",
       "      <td>1.000000</td>\n",
       "      <td>0.864688</td>\n",
       "      <td>0.001968</td>\n",
       "      <td>0.001504</td>\n",
       "      <td>0.607299</td>\n",
       "    </tr>\n",
       "    <tr>\n",
       "      <th>预约试驾按钮次数</th>\n",
       "      <td>0.227426</td>\n",
       "      <td>0.108180</td>\n",
       "      <td>0.229573</td>\n",
       "      <td>0.073129</td>\n",
       "      <td>0.141518</td>\n",
       "      <td>0.142653</td>\n",
       "      <td>0.146899</td>\n",
       "      <td>0.134215</td>\n",
       "      <td>0.143512</td>\n",
       "      <td>0.120523</td>\n",
       "      <td>-0.042915</td>\n",
       "      <td>-0.042006</td>\n",
       "      <td>0.864688</td>\n",
       "      <td>1.000000</td>\n",
       "      <td>0.011613</td>\n",
       "      <td>0.011302</td>\n",
       "      <td>0.715307</td>\n",
       "    </tr>\n",
       "    <tr>\n",
       "      <th>在线客服按钮用户数</th>\n",
       "      <td>0.149010</td>\n",
       "      <td>-0.020431</td>\n",
       "      <td>0.124902</td>\n",
       "      <td>-0.029643</td>\n",
       "      <td>0.025079</td>\n",
       "      <td>0.026799</td>\n",
       "      <td>0.032537</td>\n",
       "      <td>0.054845</td>\n",
       "      <td>0.141205</td>\n",
       "      <td>-0.038298</td>\n",
       "      <td>0.577355</td>\n",
       "      <td>0.569395</td>\n",
       "      <td>0.001968</td>\n",
       "      <td>0.011613</td>\n",
       "      <td>1.000000</td>\n",
       "      <td>0.999792</td>\n",
       "      <td>-0.071691</td>\n",
       "    </tr>\n",
       "    <tr>\n",
       "      <th>在线客服按钮次数</th>\n",
       "      <td>0.150524</td>\n",
       "      <td>-0.018131</td>\n",
       "      <td>0.125693</td>\n",
       "      <td>-0.028492</td>\n",
       "      <td>0.027251</td>\n",
       "      <td>0.028968</td>\n",
       "      <td>0.034706</td>\n",
       "      <td>0.057381</td>\n",
       "      <td>0.143158</td>\n",
       "      <td>-0.036283</td>\n",
       "      <td>0.583785</td>\n",
       "      <td>0.575991</td>\n",
       "      <td>0.001504</td>\n",
       "      <td>0.011302</td>\n",
       "      <td>0.999792</td>\n",
       "      <td>1.000000</td>\n",
       "      <td>-0.073583</td>\n",
       "    </tr>\n",
       "    <tr>\n",
       "      <th>销售线索量</th>\n",
       "      <td>0.187204</td>\n",
       "      <td>0.130056</td>\n",
       "      <td>-0.005412</td>\n",
       "      <td>0.085443</td>\n",
       "      <td>0.217101</td>\n",
       "      <td>0.219908</td>\n",
       "      <td>0.224751</td>\n",
       "      <td>0.219046</td>\n",
       "      <td>0.194799</td>\n",
       "      <td>0.194365</td>\n",
       "      <td>-0.106295</td>\n",
       "      <td>-0.106461</td>\n",
       "      <td>0.607299</td>\n",
       "      <td>0.715307</td>\n",
       "      <td>-0.071691</td>\n",
       "      <td>-0.073583</td>\n",
       "      <td>1.000000</td>\n",
       "    </tr>\n",
       "  </tbody>\n",
       "</table>\n",
       "</div>"
      ],
      "text/plain": [
       "                 曝光量       点击量     异常曝光量     异常点击量      访问次数      独立访客  \\\n",
       "曝光量         1.000000  0.554929  0.793202  0.415114  0.531087  0.532342   \n",
       "点击量         0.554929  1.000000  0.390148  0.769659  0.948053  0.946933   \n",
       "异常曝光量       0.793202  0.390148  1.000000  0.466784  0.337222  0.337753   \n",
       "异常点击量       0.415114  0.769659  0.466784  1.000000  0.711136  0.710492   \n",
       "访问次数        0.531087  0.948053  0.337222  0.711136  1.000000  0.999929   \n",
       "独立访客        0.532342  0.946933  0.337753  0.710492  0.999929  1.000000   \n",
       "独立新访客       0.529804  0.941280  0.333313  0.705102  0.998836  0.999182   \n",
       "浏览量         0.557095  0.945479  0.354976  0.706652  0.994824  0.994545   \n",
       "浏览时长        0.377466  0.611728  0.287982  0.494425  0.697631  0.696545   \n",
       "跳出次数        0.492043  0.943491  0.296497  0.705396  0.980537  0.980222   \n",
       "查询经销商按钮用户数  0.054943 -0.039741  0.027235 -0.046000 -0.008108 -0.006830   \n",
       "查询经销商按钮次数   0.056007 -0.036605  0.028703 -0.043606 -0.006278 -0.004998   \n",
       "预约试驾按钮用户数   0.324723  0.071787  0.298920  0.035209  0.098238  0.099589   \n",
       "预约试驾按钮次数    0.227426  0.108180  0.229573  0.073129  0.141518  0.142653   \n",
       "在线客服按钮用户数   0.149010 -0.020431  0.124902 -0.029643  0.025079  0.026799   \n",
       "在线客服按钮次数    0.150524 -0.018131  0.125693 -0.028492  0.027251  0.028968   \n",
       "销售线索量       0.187204  0.130056 -0.005412  0.085443  0.217101  0.219908   \n",
       "\n",
       "               独立新访客       浏览量      浏览时长      跳出次数  查询经销商按钮用户数  查询经销商按钮次数  \\\n",
       "曝光量         0.529804  0.557095  0.377466  0.492043    0.054943   0.056007   \n",
       "点击量         0.941280  0.945479  0.611728  0.943491   -0.039741  -0.036605   \n",
       "异常曝光量       0.333313  0.354976  0.287982  0.296497    0.027235   0.028703   \n",
       "异常点击量       0.705102  0.706652  0.494425  0.705396   -0.046000  -0.043606   \n",
       "访问次数        0.998836  0.994824  0.697631  0.980537   -0.008108  -0.006278   \n",
       "独立访客        0.999182  0.994545  0.696545  0.980222   -0.006830  -0.004998   \n",
       "独立新访客       1.000000  0.992295  0.695738  0.978891   -0.002437  -0.000607   \n",
       "浏览量         0.992295  1.000000  0.706326  0.967490    0.039425   0.041499   \n",
       "浏览时长        0.695738  0.706326  1.000000  0.589893    0.123717   0.124996   \n",
       "跳出次数        0.978891  0.967490  0.589893  1.000000   -0.046240  -0.044300   \n",
       "查询经销商按钮用户数 -0.002437  0.039425  0.123717 -0.046240    1.000000   0.999775   \n",
       "查询经销商按钮次数  -0.000607  0.041499  0.124996 -0.044300    0.999775   1.000000   \n",
       "预约试驾按钮用户数   0.104184  0.099275  0.084376  0.075201   -0.043352  -0.042925   \n",
       "预约试驾按钮次数    0.146899  0.134215  0.143512  0.120523   -0.042915  -0.042006   \n",
       "在线客服按钮用户数   0.032537  0.054845  0.141205 -0.038298    0.577355   0.569395   \n",
       "在线客服按钮次数    0.034706  0.057381  0.143158 -0.036283    0.583785   0.575991   \n",
       "销售线索量       0.224751  0.219046  0.194799  0.194365   -0.106295  -0.106461   \n",
       "\n",
       "            预约试驾按钮用户数  预约试驾按钮次数  在线客服按钮用户数  在线客服按钮次数     销售线索量  \n",
       "曝光量          0.324723  0.227426   0.149010  0.150524  0.187204  \n",
       "点击量          0.071787  0.108180  -0.020431 -0.018131  0.130056  \n",
       "异常曝光量        0.298920  0.229573   0.124902  0.125693 -0.005412  \n",
       "异常点击量        0.035209  0.073129  -0.029643 -0.028492  0.085443  \n",
       "访问次数         0.098238  0.141518   0.025079  0.027251  0.217101  \n",
       "独立访客         0.099589  0.142653   0.026799  0.028968  0.219908  \n",
       "独立新访客        0.104184  0.146899   0.032537  0.034706  0.224751  \n",
       "浏览量          0.099275  0.134215   0.054845  0.057381  0.219046  \n",
       "浏览时长         0.084376  0.143512   0.141205  0.143158  0.194799  \n",
       "跳出次数         0.075201  0.120523  -0.038298 -0.036283  0.194365  \n",
       "查询经销商按钮用户数  -0.043352 -0.042915   0.577355  0.583785 -0.106295  \n",
       "查询经销商按钮次数   -0.042925 -0.042006   0.569395  0.575991 -0.106461  \n",
       "预约试驾按钮用户数    1.000000  0.864688   0.001968  0.001504  0.607299  \n",
       "预约试驾按钮次数     0.864688  1.000000   0.011613  0.011302  0.715307  \n",
       "在线客服按钮用户数    0.001968  0.011613   1.000000  0.999792 -0.071691  \n",
       "在线客服按钮次数     0.001504  0.011302   0.999792  1.000000 -0.073583  \n",
       "销售线索量        0.607299  0.715307  -0.071691 -0.073583  1.000000  "
      ]
     },
     "execution_count": 58,
     "metadata": {},
     "output_type": "execute_result"
    }
   ],
   "source": [
    "# Take a look on coefficients\n",
    "# \n",
    "df[df['落地页']=='官网'].loc[:,'曝光量':'销售线索量'].corr()"
   ]
  },
  {
   "cell_type": "code",
   "execution_count": 59,
   "metadata": {},
   "outputs": [],
   "source": [
    "# there are four combinations for the advertising\n",
    "\n",
    "df_ts_pc = df[df['落地页']=='专题'][df['端口']=='PC']\n",
    "df_ts_mob = df[df['落地页']=='专题'][df['端口']=='Mobile']\n",
    "\n",
    "df_web_pc = df[df['落地页']=='官网'][df['端口']=='PC']\n",
    "df_web_mob = df[df['落地页']=='官网'][df['端口']=='Mobile']"
   ]
  },
  {
   "cell_type": "code",
   "execution_count": 60,
   "metadata": {},
   "outputs": [],
   "source": [
    "# 专题     官网\n",
    "# pc      mobile"
   ]
  },
  {
   "cell_type": "code",
   "execution_count": 75,
   "metadata": {},
   "outputs": [
    {
     "data": {
      "text/html": [
       "<div>\n",
       "<style scoped>\n",
       "    .dataframe tbody tr th:only-of-type {\n",
       "        vertical-align: middle;\n",
       "    }\n",
       "\n",
       "    .dataframe tbody tr th {\n",
       "        vertical-align: top;\n",
       "    }\n",
       "\n",
       "    .dataframe thead th {\n",
       "        text-align: right;\n",
       "    }\n",
       "</style>\n",
       "<table border=\"1\" class=\"dataframe\">\n",
       "  <thead>\n",
       "    <tr style=\"text-align: right;\">\n",
       "      <th></th>\n",
       "      <th>媒体类型</th>\n",
       "      <th>total_expo</th>\n",
       "      <th>expo_per_CNY</th>\n",
       "      <th>expo_4_6</th>\n",
       "      <th>expo_7_9</th>\n",
       "      <th>total_click</th>\n",
       "      <th>click_per_CNY</th>\n",
       "      <th>click_4_6</th>\n",
       "      <th>click_7_9</th>\n",
       "      <th>click_per_expo</th>\n",
       "      <th>total_sales_clue</th>\n",
       "      <th>sales_clue_per_CNY</th>\n",
       "      <th>sales_clue_4_6</th>\n",
       "      <th>sales_clue_7_9</th>\n",
       "    </tr>\n",
       "  </thead>\n",
       "  <tbody>\n",
       "    <tr>\n",
       "      <th>Media 23</th>\n",
       "      <td>汽车垂直</td>\n",
       "      <td>435066445</td>\n",
       "      <td>1249.683995</td>\n",
       "      <td>1249.683995</td>\n",
       "      <td>NaN</td>\n",
       "      <td>2536403</td>\n",
       "      <td>7.884455</td>\n",
       "      <td>7.884455</td>\n",
       "      <td>NaN</td>\n",
       "      <td>0.008070</td>\n",
       "      <td>0.0</td>\n",
       "      <td>0.0</td>\n",
       "      <td>0.0</td>\n",
       "      <td>NaN</td>\n",
       "    </tr>\n",
       "    <tr>\n",
       "      <th>Media 13</th>\n",
       "      <td>汽车垂直</td>\n",
       "      <td>56305864</td>\n",
       "      <td>167.329138</td>\n",
       "      <td>167.329138</td>\n",
       "      <td>NaN</td>\n",
       "      <td>113723</td>\n",
       "      <td>0.043499</td>\n",
       "      <td>0.043499</td>\n",
       "      <td>NaN</td>\n",
       "      <td>0.001224</td>\n",
       "      <td>0.0</td>\n",
       "      <td>0.0</td>\n",
       "      <td>0.0</td>\n",
       "      <td>NaN</td>\n",
       "    </tr>\n",
       "    <tr>\n",
       "      <th>Media 16</th>\n",
       "      <td>汽车垂直</td>\n",
       "      <td>57470679</td>\n",
       "      <td>118.678573</td>\n",
       "      <td>118.678573</td>\n",
       "      <td>NaN</td>\n",
       "      <td>328115</td>\n",
       "      <td>1.108540</td>\n",
       "      <td>1.108540</td>\n",
       "      <td>NaN</td>\n",
       "      <td>0.005466</td>\n",
       "      <td>0.0</td>\n",
       "      <td>0.0</td>\n",
       "      <td>0.0</td>\n",
       "      <td>NaN</td>\n",
       "    </tr>\n",
       "    <tr>\n",
       "      <th>Media 6</th>\n",
       "      <td>汽车垂直</td>\n",
       "      <td>2392520</td>\n",
       "      <td>47.850400</td>\n",
       "      <td>47.850400</td>\n",
       "      <td>NaN</td>\n",
       "      <td>14078</td>\n",
       "      <td>0.281560</td>\n",
       "      <td>0.281560</td>\n",
       "      <td>NaN</td>\n",
       "      <td>0.005899</td>\n",
       "      <td>0.0</td>\n",
       "      <td>0.0</td>\n",
       "      <td>0.0</td>\n",
       "      <td>NaN</td>\n",
       "    </tr>\n",
       "  </tbody>\n",
       "</table>\n",
       "</div>"
      ],
      "text/plain": [
       "          媒体类型 total_expo  expo_per_CNY     expo_4_6  expo_7_9 total_click  \\\n",
       "Media 23  汽车垂直  435066445   1249.683995  1249.683995       NaN     2536403   \n",
       "Media 13  汽车垂直   56305864    167.329138   167.329138       NaN      113723   \n",
       "Media 16  汽车垂直   57470679    118.678573   118.678573       NaN      328115   \n",
       "Media 6   汽车垂直    2392520     47.850400    47.850400       NaN       14078   \n",
       "\n",
       "          click_per_CNY  click_4_6  click_7_9  click_per_expo  \\\n",
       "Media 23       7.884455   7.884455        NaN        0.008070   \n",
       "Media 13       0.043499   0.043499        NaN        0.001224   \n",
       "Media 16       1.108540   1.108540        NaN        0.005466   \n",
       "Media 6        0.281560   0.281560        NaN        0.005899   \n",
       "\n",
       "          total_sales_clue  sales_clue_per_CNY  sales_clue_4_6  sales_clue_7_9  \n",
       "Media 23               0.0                 0.0             0.0             NaN  \n",
       "Media 13               0.0                 0.0             0.0             NaN  \n",
       "Media 16               0.0                 0.0             0.0             NaN  \n",
       "Media 6                0.0                 0.0             0.0             NaN  "
      ]
     },
     "execution_count": 75,
     "metadata": {},
     "output_type": "execute_result"
    }
   ],
   "source": [
    "pfm_ts_pc = get_perfomance(select_by_media(df_ts_pc))\n",
    "pfm_ts_pc.sort_values(by='expo_per_CNY', ascending = False)\n",
    "pfm_ts_pc.to_csv('tp_pc.csv')\n",
    "pfm_ts_pc"
   ]
  },
  {
   "cell_type": "code",
   "execution_count": 62,
   "metadata": {},
   "outputs": [],
   "source": [
    "pfm_ts_pc['媒体'] = pfm_ts_pc.index"
   ]
  },
  {
   "cell_type": "code",
   "execution_count": 165,
   "metadata": {},
   "outputs": [],
   "source": [
    "import seaborn as sns\n",
    "def hist_plot(df,content,ylb,title='1.png'):\n",
    "    \n",
    "    sns.set(style=\"whitegrid\")\n",
    "    df['Media'] = df.index\n",
    "    box = sns.barplot(x='Media', y=content, ci=0, data=df)\n",
    "    box.set(ylabel = ylb)\n",
    "    box.figure.savefig(title)"
   ]
  },
  {
   "cell_type": "code",
   "execution_count": 110,
   "metadata": {
    "collapsed": true,
    "jupyter": {
     "outputs_hidden": true
    }
   },
   "outputs": [
    {
     "data": {
